1.265713224630792411e+03
1.285689942604980160e+03
1.392726966225355909e+03
1.259924256598054626e+03
1.162013912827268086e+03
1.055992251846698309e+03
1.312713254626320577e+03
1.403145856685955323e+03
1.128128683697636006e+03
1.257878438060867211e+03
1.265596192776475164e+03
1.305172495168653541e+03
1.329384280844980140e+03
1.250071158046976961e+03
1.202811444121307886e+03
1.151924462981955003e+03
1.219992316415217829e+03
1.236851711676680452e+03
1.361577508709194490e+03
1.328119557890780925e+03
1.157837719964842108e+03
1.167200193216412572e+03
1.408612399043836376e+03
1.197522323518271833e+03
1.252428173561803760e+03
1.368396977080568831e+03
1.289663899519489632e+03
1.298600618911000993e+03
1.191553617574669943e+03
1.299938514130897602e+03
1.321143281191911228e+03
1.129978376100264086e+03
1.318812205284298898e+03
1.130049505253334246e+03
1.237930240093501652e+03
1.181329996058646429e+03
1.223220464063032978e+03
1.148493845258109786e+03
1.302680343763533983e+03
1.278479440034469008e+03
1.304499439349443946e+03
1.223492339004712903e+03
1.171598068198620012e+03
1.229596139445924791e+03
1.199134754125836253e+03
1.170470766659037963e+03
1.250324461819770931e+03
1.290847749809553989e+03
1.262237005109959682e+03
1.257842242930365956e+03
1.240255640224256240e+03
1.191364337227626947e+03
1.123082249232214508e+03
1.344001974985403194e+03
1.220509128711674975e+03
1.287644557117994736e+03
1.225201450575060335e+03
1.285743061818758633e+03
1.318513758638001718e+03
1.083945862221205061e+03
1.162416057554925374e+03
1.283762605755554887e+03
1.290404949082932262e+03
1.223252726303478994e+03
1.285132023550868780e+03
1.271611437108574364e+03
1.119942878985358220e+03
1.216649142793661895e+03
1.159794898507746439e+03
1.219913133562308758e+03
1.257667325342400545e+03
1.305985213748708247e+03
1.167134479231650403e+03
1.117022980248300200e+03
1.223367923378746127e+03
1.381590691777414804e+03
1.265455233703038175e+03
1.389076188584611828e+03
1.173633112274649193e+03
1.327034729300943354e+03
1.359701779524708854e+03
1.231148254793995875e+03
1.184363163470768768e+03
1.206474363744635411e+03
1.287941399356039028e+03
1.173923543655338563e+03
1.336936252737976247e+03
1.294471316289873812e+03
1.218477498826596502e+03
1.168455989026896077e+03
1.179428615326056388e+03
1.303371556618031491e+03
1.314446431504492921e+03
1.192905112450150455e+03
1.264087717011178256e+03
1.082010185182380155e+03
1.181864526198909971e+03
1.314589245951606472e+03
1.285691357463960230e+03
1.205894565219874039e+03
